-0.000751
-0.002257
-0.003768
-0.005282
-0.006801
-0.008323
-0.009850
-0.011380
-0.012914
-0.014451
-0.015992
-0.017536
-0.019084
-0.020634
-0.022187
-0.023743
-0.025302
-0.026863
-0.028427
-0.029993
-0.031561
-0.033131
-0.034703
-0.036277
-0.037853
-0.039430
-0.041008
-0.042588
-0.044169
-0.045751
-0.047334
-0.048918
-0.050502
-0.052087
-0.053673
-0.055258
-0.056844
-0.058429
-0.060015
-0.061600
-0.063184
-0.064769
-0.066352
-0.067935
-0.069516
-0.071097
-0.072676
-0.074254
-0.075831
-0.077406
-0.078979
-0.080550
-0.082119
-0.083686
-0.085250
-0.086812
-0.088372
-0.089928
-0.091482
-0.093033
-0.094580
-0.096125
-0.097665
-0.099203
-0.100736
-0.102266
-0.103791
-0.105313
-0.106830
-0.108343
-0.109851
-0.111354
-0.112853
-0.114346
-0.115835
-0.117318
-0.118795
-0.120268
-0.121734
-0.123195
-0.124649
-0.126098
-0.127540
-0.128975
-0.130405
-0.131827
-0.133243
-0.134651
-0.136053
-0.137447
-0.138834
-0.140213
-0.141585
-0.142949
-0.144304
-0.145652
-0.146991
-0.148322
-0.149645
-0.150959
-0.152264
-0.153560
-0.154847
-0.156124
-0.157393
-0.158652
-0.159901
-0.161140
-0.162370
-0.163589
-0.164799
-0.165997
-0.167186
-0.168364
-0.169531
-0.170687
-0.171832
-0.172966
-0.174089
-0.175200
-0.176300
-0.177388
-0.178465
-0.179529
-0.180581
-0.181622
-0.182649
-0.183665
-0.184667
-0.185657
-0.186634
-0.187599
-0.188550
-0.189487
-0.190412
-0.191323
-0.192220
-0.193103
-0.193973
-0.194829
-0.195670
-0.196498
-0.197311
-0.198109
-0.198893
-0.199662
-0.200416
-0.201156
-0.201880
-0.202589
-0.203283
-0.203961
-0.204624
-0.205271
-0.205902
-0.206518
-0.207117
-0.207701
-0.208268
-0.208818
-0.209353
-0.209871
-0.210372
-0.210856
-0.211323
-0.211774
-0.212207
-0.212624
-0.213023
-0.213404
-0.213768
-0.214115
-0.214443
-0.214754
-0.215047
-0.215323
-0.215580
-0.215818
-0.216039
-0.216241
-0.216425
-0.216590
-0.216737
-0.216865
-0.216974
-0.217064
-0.217135
-0.217187
-0.217220
-0.217234
-0.217228
-0.217203
-0.217159
-0.217095
-0.217011
-0.216908
-0.216785
-0.216642
-0.216479
-0.216296
-0.216093
-0.215870
-0.215626
-0.215362
-0.215078
-0.214774
-0.214449
-0.214104
-0.213737
-0.213351
-0.212943
-0.212515
-0.212066
-0.211596
-0.211105
-0.210593
-0.210060
-0.209506
-0.208930
-0.208334
-0.207716
-0.207077
-0.206416
-0.205734
-0.205031
-0.204306
-0.203560
-0.202792
-0.202002
-0.201191
-0.200359
-0.199504
-0.198628
-0.197730
-0.196810
-0.195868
-0.194905
-0.193919
-0.192912
-0.191883
-0.190832
-0.189758
-0.188663
-0.187546
-0.186407
-0.185246
-0.184062
-0.182857
-0.181629
-0.180380
-0.179108
-0.177814
-0.176498
-0.175160
-0.173800
-0.172418
-0.171013
-0.169587
-0.168138
-0.166667
-0.165174
-0.163659
-0.162122
-0.160562
-0.158981
-0.157377
-0.155752
-0.154104
-0.152435
-0.150743
-0.149029
-0.147294
-0.145536
-0.143756
-0.141955
-0.140131
-0.138286
-0.136419
-0.134530
-0.132619
-0.130687
-0.128733
-0.126757
-0.124760
-0.122740
-0.120700
-0.118638
-0.116554
-0.114449
-0.112322
-0.110175
-0.108005
-0.105815
-0.103603
-0.101371
-0.099117
-0.096842
-0.094546
-0.092229
-0.089891
-0.087533
-0.085154
-0.082754
-0.080333
-0.077892
-0.075430
-0.072948
-0.070446
-0.067923
-0.065380
-0.062817
-0.060234
-0.057631
-0.055008
-0.052365
-0.049702
-0.047020
-0.044318
-0.041597
-0.038856
-0.036096
-0.033316
-0.030518
-0.027700
-0.024864
-0.022008
-0.019134
-0.016241
-0.013329
-0.010399
-0.007451
-0.004484
-0.001499
0.001504
0.004525
0.007564
0.010620
0.013695
0.016786
0.019896
0.023022
0.026166
0.029327
0.032505
0.035700
0.038911
0.042140
0.045384
0.048645
0.051923
0.055216
0.058526
0.061851
0.065192
0.068549
0.071921
0.075309
0.078712
0.082130
0.085562
0.089010
0.092473
0.095950
0.099441
0.102947
0.106467
0.110001
0.113548
0.117110
0.120685
0.124273
0.127875
0.131490
0.135118
0.138758
0.142411
0.146077
0.149755
0.153446
0.157148
0.160863
0.164589
0.168326
0.172075
0.175836
0.179607
0.183390
0.187183
0.190987
0.194801
0.198625
0.202460
0.206305
0.210159
0.214023
0.217897
0.221779
0.225671
0.229572
0.233482
0.237400
0.241327
0.245261
0.249204
0.253155
0.257114
0.261080
0.265053
0.269034
0.273021
0.277016
0.281017
0.285024
0.289038
0.293058
0.297083
0.301115
0.305152
0.309194
0.313242
0.317294
0.321352
0.325414
0.329480
0.333551
0.337625
0.341704
0.345786
0.349871
0.353960
0.358052
0.362147
0.366245
0.370345
0.374447
0.378552
0.382658
0.386766
0.390876
0.394987
0.399099
0.403212
0.407326
0.411441
0.415556
0.419671
0.423786
0.427900
0.432015
0.436129
0.440241
0.444353
0.448464
0.452573
0.456681
0.460787
0.464891
0.468992
0.473091
0.477188
0.481282
0.485373
0.489460
0.493544
0.497625
0.501702
0.505774
0.509843
0.513907
0.517967
0.522021
0.526071
0.530116
0.534155
0.538188
0.542216
0.546237
0.550253
0.554262
0.558264
0.562260
0.566249
0.570230
0.574204
0.578171
0.582129
0.586080
0.590023
0.593957
0.597882
0.601799
0.605707
0.609605
0.613495
0.617374
0.621244
0.625104
0.628954
0.632793
0.636622
0.640440
0.644248
0.648044
0.651828
0.655602
0.659363
0.663113
0.666851
0.670576
0.674289
0.677989
0.681677
0.685351
0.689012
0.692660
0.696294
0.699915
0.703521
0.707114
0.710692
0.714255
0.717804
0.721338
0.724857
0.728361
0.731849
0.735322
0.738778
0.742219
0.745644
0.749053
0.752445
0.755820
0.759179
0.762520
0.765845
0.769152
0.772441
0.775713
0.778967
0.782203
0.785421
0.788620
0.791801
0.794963
0.798106
0.801231
0.804336
0.807422
0.810488
0.813534
0.816561
0.819568
0.822555
0.825521
0.828467
0.831392
0.834297
0.837180
0.840043
0.842884
0.845704
0.848503
0.851279
0.854035
0.856768
0.859479
0.862167
0.864834
0.867478
0.870099
0.872697
0.875273
0.877826
0.880355
0.882861
0.885343
0.887802
0.890238
0.892649
0.895036
0.897400
0.899739
0.902053
0.904344
0.906609
0.908850
0.911067
0.913258
0.915424
0.917565
0.919681
0.921771
0.923836
0.925875
0.927888
0.929876
0.931837
0.933773
0.935683
0.937566
0.939423
0.941253
0.943057
0.944834
0.946585
0.948308
0.950005
0.951675
0.953318
0.954933
0.956521
0.958082
0.959616
0.961122
0.962600
0.964051
0.965474
0.966869
0.968236
0.969575
0.970886
0.972169
0.973424
0.974651
0.975849
0.977019
0.978160
0.979273
0.980358
0.981414
0.982441
0.983439
0.984409
0.985349
0.986261
0.987144
0.987998
0.988823
0.989619
0.990386
0.991123
0.991832
0.992511
0.993161
0.993781
0.994373
0.994934
0.995467
0.995970
0.996444
0.996888
0.997302
0.997687
0.998043
0.998369
0.998665
0.998932
0.999169
0.999377
0.999555
0.999703
0.999822
0.999911
0.999970
1.000000
1.000000
0.999970
0.999911
0.999822
0.999703
0.999555
0.999377
0.999169
0.998932
0.998665
0.998369
0.998043
0.997687
0.997302
0.996888
0.996444
0.995970
0.995467
0.994934
0.994373
0.993781
0.993161
0.992511
0.991832
0.991123
0.990386
0.989619
0.988823
0.987998
0.987144
0.986261
0.985349
0.984409
0.983439
0.982441
0.981414
0.980358
0.979273
0.978160
0.977019
0.975849
0.974651
0.973424
0.972169
0.970886
0.969575
0.968236
0.966869
0.965474
0.964051
0.962600
0.961122
0.959616
0.958082
0.956521
0.954933
0.953318
0.951675
0.950005
0.948308
0.946585
0.944834
0.943057
0.941253
0.939423
0.937566
0.935683
0.933773
0.931837
0.929876
0.927888
0.925875
0.923836
0.921771
0.919681
0.917565
0.915424
0.913258
0.911067
0.908850
0.906609
0.904344
0.902053
0.899739
0.897400
0.895036
0.892649
0.890238
0.887802
0.885343
0.882861
0.880355
0.877826
0.875273
0.872697
0.870099
0.867478
0.864834
0.862167
0.859479
0.856768
0.854035
0.851279
0.848503
0.845704
0.842884
0.840043
0.837180
0.834297
0.831392
0.828467
0.825521
0.822555
0.819568
0.816561
0.813534
0.810488
0.807422
0.804336
0.801231
0.798106
0.794963
0.791801
0.788620
0.785421
0.782203
0.778967
0.775713
0.772441
0.769152
0.765845
0.762520
0.759179
0.755820
0.752445
0.749053
0.745644
0.742219
0.738778
0.735322
0.731849
0.728361
0.724857
0.721338
0.717804
0.714255
0.710692
0.707114
0.703521
0.699915
0.696294
0.692660
0.689012
0.685351
0.681677
0.677989
0.674289
0.670576
0.666851
0.663113
0.659363
0.655602
0.651828
0.648044
0.644248
0.640440
0.636622
0.632793
0.628954
0.625104
0.621244
0.617374
0.613495
0.609605
0.605707
0.601799
0.597882
0.593957
0.590023
0.586080
0.582129
0.578171
0.574204
0.570230
0.566249
0.562260
0.558264
0.554262
0.550253
0.546237
0.542216
0.538188
0.534155
0.530116
0.526071
0.522021
0.517967
0.513907
0.509843
0.505774
0.501702
0.497625
0.493544
0.489460
0.485373
0.481282
0.477188
0.473091
0.468992
0.464891
0.460787
0.456681
0.452573
0.448464
0.444353
0.440241
0.436129
0.432015
0.427900
0.423786
0.419671
0.415556
0.411441
0.407326
0.403212
0.399099
0.394987
0.390876
0.386766
0.382658
0.378552
0.374447
0.370345
0.366245
0.362147
0.358052
0.353960
0.349871
0.345786
0.341704
0.337625
0.333551
0.329480
0.325414
0.321352
0.317294
0.313242
0.309194
0.305152
0.301115
0.297083
0.293058
0.289038
0.285024
0.281017
0.277016
0.273021
0.269034
0.265053
0.261080
0.257114
0.253155
0.249204
0.245261
0.241327
0.237400
0.233482
0.229572
0.225671
0.221779
0.217897
0.214023
0.210159
0.206305
0.202460
0.198625
0.194801
0.190987
0.187183
0.183390
0.179607
0.175836
0.172075
0.168326
0.164589
0.160863
0.157148
0.153446
0.149755
0.146077
0.142411
0.138758
0.135118
0.131490
0.127875
0.124273
0.120685
0.117110
0.113548
0.110001
0.106467
0.102947
0.099441
0.095950
0.092473
0.089010
0.085562
0.082130
0.078712
0.075309
0.071921
0.068549
0.065192
0.061851
0.058526
0.055216
0.051923
0.048645
0.045384
0.042140
0.038911
0.035700
0.032505
0.029327
0.026166
0.023022
0.019896
0.016786
0.013695
0.010620
0.007564
0.004525
0.001504
-0.001499
-0.004484
-0.007451
-0.010399
-0.013329
-0.016241
-0.019134
-0.022008
-0.024864
-0.027700
-0.030518
-0.033316
-0.036096
-0.038856
-0.041597
-0.044318
-0.047020
-0.049702
-0.052365
-0.055008
-0.057631
-0.060234
-0.062817
-0.065380
-0.067923
-0.070446
-0.072948
-0.075430
-0.077892
-0.080333
-0.082754
-0.085154
-0.087533
-0.089891
-0.092229
-0.094546
-0.096842
-0.099117
-0.101371
-0.103603
-0.105815
-0.108005
-0.110175
-0.112322
-0.114449
-0.116554
-0.118638
-0.120700
-0.122740
-0.124760
-0.126757
-0.128733
-0.130687
-0.132619
-0.134530
-0.136419
-0.138286
-0.140131
-0.141955
-0.143756
-0.145536
-0.147294
-0.149029
-0.150743
-0.152435
-0.154104
-0.155752
-0.157377
-0.158981
-0.160562
-0.162122
-0.163659
-0.165174
-0.166667
-0.168138
-0.169587
-0.171013
-0.172418
-0.173800
-0.175160
-0.176498
-0.177814
-0.179108
-0.180380
-0.181629
-0.182857
-0.184062
-0.185246
-0.186407
-0.187546
-0.188663
-0.189758
-0.190832
-0.191883
-0.192912
-0.193919
-0.194905
-0.195868
-0.196810
-0.197730
-0.198628
-0.199504
-0.200359
-0.201191
-0.202002
-0.202792
-0.203560
-0.204306
-0.205031
-0.205734
-0.206416
-0.207077
-0.207716
-0.208334
-0.208930
-0.209506
-0.210060
-0.210593
-0.211105
-0.211596
-0.212066
-0.212515
-0.212943
-0.213351
-0.213737
-0.214104
-0.214449
-0.214774
-0.215078
-0.215362
-0.215626
-0.215870
-0.216093
-0.216296
-0.216479
-0.216642
-0.216785
-0.216908
-0.217011
-0.217095
-0.217159
-0.217203
-0.217228
-0.217234
-0.217220
-0.217187
-0.217135
-0.217064
-0.216974
-0.216865
-0.216737
-0.216590
-0.216425
-0.216241
-0.216039
-0.215818
-0.215580
-0.215323
-0.215047
-0.214754
-0.214443
-0.214115
-0.213768
-0.213404
-0.213023
-0.212624
-0.212207
-0.211774
-0.211323
-0.210856
-0.210372
-0.209871
-0.209353
-0.208818
-0.208268
-0.207701
-0.207117
-0.206518
-0.205902
-0.205271
-0.204624
-0.203961
-0.203283
-0.202589
-0.201880
-0.201156
-0.200416
-0.199662
-0.198893
-0.198109
-0.197311
-0.196498
-0.195670
-0.194829
-0.193973
-0.193103
-0.192220
-0.191323
-0.190412
-0.189487
-0.188550
-0.187599
-0.186634
-0.185657
-0.184667
-0.183665
-0.182649
-0.181622
-0.180581
-0.179529
-0.178465
-0.177388
-0.176300
-0.175200
-0.174089
-0.172966
-0.171832
-0.170687
-0.169531
-0.168364
-0.167186
-0.165997
-0.164799
-0.163589
-0.162370
-0.161140
-0.159901
-0.158652
-0.157393
-0.156124
-0.154847
-0.153560
-0.152264
-0.150959
-0.149645
-0.148322
-0.146991
-0.145652
-0.144304
-0.142949
-0.141585
-0.140213
-0.138834
-0.137447
-0.136053
-0.134651
-0.133243
-0.131827
-0.130405
-0.128975
-0.127540
-0.126098
-0.124649
-0.123195
-0.121734
-0.120268
-0.118795
-0.117318
-0.115835
-0.114346
-0.112853
-0.111354
-0.109851
-0.108343
-0.106830
-0.105313
-0.103791
-0.102266
-0.100736
-0.099203
-0.097665
-0.096125
-0.094580
-0.093033
-0.091482
-0.089928
-0.088372
-0.086812
-0.085250
-0.083686
-0.082119
-0.080550
-0.078979
-0.077406
-0.075831
-0.074254
-0.072676
-0.071097
-0.069516
-0.067935
-0.066352
-0.064769
-0.063184
-0.061600
-0.060015
-0.058429
-0.056844
-0.055258
-0.053673
-0.052087
-0.050502
-0.048918
-0.047334
-0.045751
-0.044169
-0.042588
-0.041008
-0.039430
-0.037853
-0.036277
-0.034703
-0.033131
-0.031561
-0.029993
-0.028427
-0.026863
-0.025302
-0.023743
-0.022187
-0.020634
-0.019084
-0.017536
-0.015992
-0.014451
-0.012914
-0.011380
-0.009850
-0.008323
-0.006801
-0.005282
-0.003768
-0.002257
-0.000751
