-0.217095
-0.217038
-0.216970
-0.216893
-0.216806
-0.216709
-0.216602
-0.216484
-0.216357
-0.216220
-0.216072
-0.215914
-0.215746
-0.215568
-0.215380
-0.215181
-0.214972
-0.214753
-0.214524
-0.214284
-0.214033
-0.213773
-0.213502
-0.213220
-0.212928
-0.212626
-0.212313
-0.211989
-0.211655
-0.211311
-0.210956
-0.210590
-0.210213
-0.209826
-0.209429
-0.209020
-0.208601
-0.208172
-0.207731
-0.207280
-0.206818
-0.206345
-0.205862
-0.205367
-0.204862
-0.204346
-0.203819
-0.203282
-0.202733
-0.202174
-0.201603
-0.201022
-0.200430
-0.199827
-0.199213
-0.198587
-0.197951
-0.197304
-0.196646
-0.195977
-0.195297
-0.194606
-0.193904
-0.193191
-0.192467
-0.191731
-0.190985
-0.190228
-0.189459
-0.188680
-0.187889
-0.187087
-0.186274
-0.185450
-0.184615
-0.183769
-0.182911
-0.182043
-0.181163
-0.180272
-0.179370
-0.178457
-0.177533
-0.176597
-0.175651
-0.174693
-0.173724
-0.172744
-0.171753
-0.170751
-0.169737
-0.168712
-0.167677
-0.166630
-0.165572
-0.164502
-0.163422
-0.162330
-0.161228
-0.160114
-0.158989
-0.157853
-0.156705
-0.155547
-0.154377
-0.153197
-0.152005
-0.150802
-0.149588
-0.148363
-0.147127
-0.145880
-0.144622
-0.143353
-0.142072
-0.140781
-0.139479
-0.138165
-0.136841
-0.135505
-0.134159
-0.132802
-0.131433
-0.130054
-0.128664
-0.127263
-0.125851
-0.124428
-0.122994
-0.121549
-0.120093
-0.118627
-0.117150
-0.115662
-0.114163
-0.112653
-0.111133
-0.109602
-0.108060
-0.106507
-0.104944
-0.103370
-0.101785
-0.100190
-0.098584
-0.096967
-0.095340
-0.093703
-0.092054
-0.090396
-0.088726
-0.087047
-0.085357
-0.083656
-0.081945
-0.080224
-0.078492
-0.076750
-0.074997
-0.073235
-0.071462
-0.069678
-0.067885
-0.066081
-0.064268
-0.062444
-0.060610
-0.058766
-0.056911
-0.055047
-0.053173
-0.051289
-0.049395
-0.047491
-0.045577
-0.043653
-0.041720
-0.039776
-0.037823
-0.035860
-0.033888
-0.031905
-0.029914
-0.027912
-0.025901
-0.023881
-0.021851
-0.019811
-0.017762
-0.015704
-0.013636
-0.011559
-0.009473
-0.007377
-0.005272
-0.003158
-0.001035
0.001097
0.003239
0.005389
0.007548
0.009717
0.011894
0.014080
0.016275
0.018479
0.020691
0.022913
0.025143
0.027381
0.029628
0.031884
0.034148
0.036421
0.038702
0.040992
0.043289
0.045596
0.047910
0.050233
0.052563
0.054902
0.057249
0.059604
0.061967
0.064338
0.066717
0.069104
0.071499
0.073901
0.076311
0.078728
0.081154
0.083587
0.086027
0.088475
0.090930
0.093393
0.095862
0.098340
0.100824
0.103316
0.105814
0.108320
0.110833
0.113353
0.115879
0.118413
0.120953
0.123500
0.126054
0.128615
0.131182
0.133755
0.136335
0.138922
0.141515
0.144114
0.146720
0.149332
0.151949
0.154573
0.157204
0.159840
0.162482
0.165130
0.167783
0.170443
0.173108
0.175779
0.178455
0.181137
0.183825
0.186518
0.189216
0.191920
0.194629
0.197343
0.200062
0.202786
0.205515
0.208250
0.210989
0.213733
0.216481
0.219235
0.221993
0.224756
0.227523
0.230294
0.233070
0.235851
0.238635
0.241424
0.244217
0.247015
0.249816
0.252621
0.255430
0.258243
0.261059
0.263880
0.266704
0.269531
0.272362
0.275197
0.278035
0.280876
0.283720
0.286568
0.289419
0.292273
0.295130
0.297990
0.300852
0.303718
0.306586
0.309457
0.312330
0.315206
0.318085
0.320966
0.323849
0.326734
0.329622
0.332512
0.335403
0.338297
0.341193
0.344091
0.346990
0.349891
0.352794
0.355698
0.358604
0.361512
0.364420
0.367330
0.370241
0.373154
0.376067
0.378982
0.381898
0.384814
0.387731
0.390649
0.393568
0.396487
0.399407
0.402327
0.405248
0.408169
0.411090
0.414012
0.416933
0.419855
0.422777
0.425698
0.428620
0.431541
0.434462
0.437382
0.440302
0.443222
0.446141
0.449059
0.451977
0.454893
0.457809
0.460724
0.463638
0.466551
0.469463
0.472373
0.475283
0.478190
0.481097
0.484002
0.486905
0.489807
0.492706
0.495605
0.498501
0.501395
0.504287
0.507178
0.510066
0.512951
0.515835
0.518716
0.521595
0.524471
0.527345
0.530216
0.533084
0.535949
0.538812
0.541671
0.544528
0.547382
0.550232
0.553079
0.555923
0.558763
0.561600
0.564434
0.567264
0.570090
0.572913
0.575731
0.578546
0.581357
0.584164
0.586967
0.589766
0.592560
0.595350
0.598136
0.600917
0.603694
0.606467
0.609234
0.611997
0.614755
0.617509
0.620257
0.623000
0.625739
0.628472
0.631200
0.633923
0.636640
0.639352
0.642059
0.644759
0.647455
0.650144
0.652828
0.655506
0.658178
0.660845
0.663505
0.666159
0.668807
0.671448
0.674084
0.676713
0.679335
0.681951
0.684561
0.687164
0.689760
0.692349
0.694932
0.697507
0.700076
0.702638
0.705192
0.707740
0.710280
0.712812
0.715338
0.717856
0.720366
0.722869
0.725365
0.727852
0.730332
0.732804
0.735268
0.737724
0.740173
0.742613
0.745045
0.747468
0.749884
0.752291
0.754690
0.757080
0.759462
0.761835
0.764200
0.766556
0.768903
0.771241
0.773571
0.775891
0.778203
0.780505
0.782798
0.785082
0.787357
0.789623
0.791879
0.794126
0.796363
0.798590
0.800809
0.803017
0.805216
0.807405
0.809584
0.811753
0.813912
0.816062
0.818201
0.820330
0.822449
0.824558
0.826656
0.828744
0.830822
0.832889
0.834946
0.836992
0.839027
0.841052
0.843067
0.845070
0.847063
0.849044
0.851015
0.852975
0.854924
0.856861
0.858788
0.860703
0.862607
0.864500
0.866382
0.868252
0.870110
0.871958
0.873793
0.875617
0.877430
0.879231
0.881020
0.882797
0.884562
0.886316
0.888057
0.889787
0.891505
0.893210
0.894904
0.896585
0.898255
0.899911
0.901556
0.903189
0.904809
0.906416
0.908011
0.909594
0.911164
0.912722
0.914266
0.915799
0.917318
0.918825
0.920319
0.921800
0.923269
0.924724
0.926167
0.927596
0.929013
0.930416
0.931806
0.933184
0.934548
0.935899
0.937236
0.938561
0.939872
0.941170
0.942454
0.943725
0.944982
0.946226
0.947457
0.948674
0.949877
0.951067
0.952243
0.953406
0.954554
0.955689
0.956811
0.957918
0.959012
0.960091
0.961157
0.962209
0.963247
0.964271
0.965281
0.966277
0.967259
0.968227
0.969181
0.970121
0.971046
0.971958
0.972855
0.973738
0.974607
0.975461
0.976301
0.977127
0.977938
0.978735
0.979518
0.980286
0.981040
0.981780
0.982505
0.983215
0.983911
0.984593
0.985259
0.985912
0.986550
0.987173
0.987781
0.988375
0.988955
0.989519
0.990069
0.990604
0.991125
0.991631
0.992122
0.992598
0.993060
0.993507
0.993939
0.994356
0.994759
0.995146
0.995519
0.995877
0.996220
0.996549
0.996862
0.997161
0.997445
0.997713
0.997967
0.998206
0.998430
0.998640
0.998834
0.999013
0.999178
0.999327
0.999462
0.999581
0.999686
0.999776
0.999850
0.999910
0.999955
0.999985
1.000000
1.000000
0.999985
0.999955
0.999910
0.999850
0.999776
0.999686
0.999581
0.999462
0.999327
0.999178
0.999013
0.998834
0.998640
0.998430
0.998206
0.997967
0.997713
0.997445
0.997161
0.996862
0.996549
0.996220
0.995877
0.995519
0.995146
0.994759
0.994356
0.993939
0.993507
0.993060
0.992598
0.992122
0.991631
0.991125
0.990604
0.990069
0.989519
0.988955
0.988375
0.987781
0.987173
0.986550
0.985912
0.985259
0.984593
0.983911
0.983215
0.982505
0.981780
0.981040
0.980286
0.979518
0.978735
0.977938
0.977127
0.976301
0.975461
0.974607
0.973738
0.972855
0.971958
0.971046
0.970121
0.969181
0.968227
0.967259
0.966277
0.965281
0.964271
0.963247
0.962209
0.961157
0.960091
0.959012
0.957918
0.956811
0.955689
0.954554
0.953406
0.952243
0.951067
0.949877
0.948674
0.947457
0.946226
0.944982
0.943725
0.942454
0.941170
0.939872
0.938561
0.937236
0.935899
0.934548
0.933184
0.931806
0.930416
0.929013
0.927596
0.926167
0.924724
0.923269
0.921800
0.920319
0.918825
0.917318
0.915799
0.914266
0.912722
0.911164
0.909594
0.908011
0.906416
0.904809
0.903189
0.901556
0.899911
0.898255
0.896585
0.894904
0.893210
0.891505
0.889787
0.888057
0.886316
0.884562
0.882797
0.881020
0.879231
0.877430
0.875617
0.873793
0.871958
0.870110
0.868252
0.866382
0.864500
0.862607
0.860703
0.858788
0.856861
0.854924
0.852975
0.851015
0.849044
0.847063
0.845070
0.843067
0.841052
0.839027
0.836992
0.834946
0.832889
0.830822
0.828744
0.826656
0.824558
0.822449
0.820330
0.818201
0.816062
0.813912
0.811753
0.809584
0.807405
0.805216
0.803017
0.800809
0.798590
0.796363
0.794126
0.791879
0.789623
0.787357
0.785082
0.782798
0.780505
0.778203
0.775891
0.773571
0.771241
0.768903
0.766556
0.764200
0.761835
0.759462
0.757080
0.754690
0.752291
0.749884
0.747468
0.745045
0.742613
0.740173
0.737724
0.735268
0.732804
0.730332
0.727852
0.725365
0.722869
0.720366
0.717856
0.715338
0.712812
0.710280
0.707740
0.705192
0.702638
0.700076
0.697507
0.694932
0.692349
0.689760
0.687164
0.684561
0.681951
0.679335
0.676713
0.674084
0.671448
0.668807
0.666159
0.663505
0.660845
0.658178
0.655506
0.652828
0.650144
0.647455
0.644759
0.642059
0.639352
0.636640
0.633923
0.631200
0.628472
0.625739
0.623000
0.620257
0.617509
0.614755
0.611997
0.609234
0.606467
0.603694
0.600917
0.598136
0.595350
0.592560
0.589766
0.586967
0.584164
0.581357
0.578546
0.575731
0.572913
0.570090
0.567264
0.564434
0.561600
0.558763
0.555923
0.553079
0.550232
0.547382
0.544528
0.541671
0.538812
0.535949
0.533084
0.530216
0.527345
0.524471
0.521595
0.518716
0.515835
0.512951
0.510066
0.507178
0.504287
0.501395
0.498501
0.495605
0.492706
0.489807
0.486905
0.484002
0.481097
0.478190
0.475283
0.472373
0.469463
0.466551
0.463638
0.460724
0.457809
0.454893
0.451977
0.449059
0.446141
0.443222
0.440302
0.437382
0.434462
0.431541
0.428620
0.425698
0.422777
0.419855
0.416933
0.414012
0.411090
0.408169
0.405248
0.402327
0.399407
0.396487
0.393568
0.390649
0.387731
0.384814
0.381898
0.378982
0.376067
0.373154
0.370241
0.367330
0.364420
0.361512
0.358604
0.355698
0.352794
0.349891
0.346990
0.344091
0.341193
0.338297
0.335403
0.332512
0.329622
0.326734
0.323849
0.320966
0.318085
0.315206
0.312330
0.309457
0.306586
0.303718
0.300852
0.297990
0.295130
0.292273
0.289419
0.286568
0.283720
0.280876
0.278035
0.275197
0.272362
0.269531
0.266704
0.263880
0.261059
0.258243
0.255430
0.252621
0.249816
0.247015
0.244217
0.241424
0.238635
0.235851
0.233070
0.230294
0.227523
0.224756
0.221993
0.219235
0.216481
0.213733
0.210989
0.208250
0.205515
0.202786
0.200062
0.197343
0.194629
0.191920
0.189216
0.186518
0.183825
0.181137
0.178455
0.175779
0.173108
0.170443
0.167783
0.165130
0.162482
0.159840
0.157204
0.154573
0.151949
0.149332
0.146720
0.144114
0.141515
0.138922
0.136335
0.133755
0.131182
0.128615
0.126054
0.123500
0.120953
0.118413
0.115879
0.113353
0.110833
0.108320
0.105814
0.103316
0.100824
0.098340
0.095862
0.093393
0.090930
0.088475
0.086027
0.083587
0.081154
0.078728
0.076311
0.073901
0.071499
0.069104
0.066717
0.064338
0.061967
0.059604
0.057249
0.054902
0.052563
0.050233
0.047910
0.045596
0.043289
0.040992
0.038702
0.036421
0.034148
0.031884
0.029628
0.027381
0.025143
0.022913
0.020691
0.018479
0.016275
0.014080
0.011894
0.009717
0.007548
0.005389
0.003239
0.001097
-0.001035
-0.003158
-0.005272
-0.007377
-0.009473
-0.011559
-0.013636
-0.015704
-0.017762
-0.019811
-0.021851
-0.023881
-0.025901
-0.027912
-0.029914
-0.031905
-0.033888
-0.035860
-0.037823
-0.039776
-0.041720
-0.043653
-0.045577
-0.047491
-0.049395
-0.051289
-0.053173
-0.055047
-0.056911
-0.058766
-0.060610
-0.062444
-0.064268
-0.066081
-0.067885
-0.069678
-0.071462
-0.073235
-0.074997
-0.076750
-0.078492
-0.080224
-0.081945
-0.083656
-0.085357
-0.087047
-0.088726
-0.090396
-0.092054
-0.093703
-0.095340
-0.096967
-0.098584
-0.100190
-0.101785
-0.103370
-0.104944
-0.106507
-0.108060
-0.109602
-0.111133
-0.112653
-0.114163
-0.115662
-0.117150
-0.118627
-0.120093
-0.121549
-0.122994
-0.124428
-0.125851
-0.127263
-0.128664
-0.130054
-0.131433
-0.132802
-0.134159
-0.135505
-0.136841
-0.138165
-0.139479
-0.140781
-0.142072
-0.143353
-0.144622
-0.145880
-0.147127
-0.148363
-0.149588
-0.150802
-0.152005
-0.153197
-0.154377
-0.155547
-0.156705
-0.157853
-0.158989
-0.160114
-0.161228
-0.162330
-0.163422
-0.164502
-0.165572
-0.166630
-0.167677
-0.168712
-0.169737
-0.170751
-0.171753
-0.172744
-0.173724
-0.174693
-0.175651
-0.176597
-0.177533
-0.178457
-0.179370
-0.180272
-0.181163
-0.182043
-0.182911
-0.183769
-0.184615
-0.185450
-0.186274
-0.187087
-0.187889
-0.188680
-0.189459
-0.190228
-0.190985
-0.191731
-0.192467
-0.193191
-0.193904
-0.194606
-0.195297
-0.195977
-0.196646
-0.197304
-0.197951
-0.198587
-0.199213
-0.199827
-0.200430
-0.201022
-0.201603
-0.202174
-0.202733
-0.203282
-0.203819
-0.204346
-0.204862
-0.205367
-0.205862
-0.206345
-0.206818
-0.207280
-0.207731
-0.208172
-0.208601
-0.209020
-0.209429
-0.209826
-0.210213
-0.210590
-0.210956
-0.211311
-0.211655
-0.211989
-0.212313
-0.212626
-0.212928
-0.213220
-0.213502
-0.213773
-0.214033
-0.214284
-0.214524
-0.214753
-0.214972
-0.215181
-0.215380
-0.215568
-0.215746
-0.215914
-0.216072
-0.216220
-0.216357
-0.216484
-0.216602
-0.216709
-0.216806
-0.216893
-0.216970
-0.217038
-0.217095
