-0.000000
-0.000000
-0.000000
-0.000000
-0.000001
-0.000001
-0.000002
-0.000004
-0.000005
-0.000007
-0.000010
-0.000013
-0.000017
-0.000021
-0.000026
-0.000032
-0.000038
-0.000046
-0.000054
-0.000063
-0.000074
-0.000085
-0.000098
-0.000111
-0.000126
-0.000142
-0.000160
-0.000179
-0.000199
-0.000221
-0.000245
-0.000270
-0.000296
-0.000324
-0.000355
-0.000386
-0.000420
-0.000456
-0.000493
-0.000533
-0.000575
-0.000619
-0.000664
-0.000713
-0.000763
-0.000816
-0.000871
-0.000928
-0.000988
-0.001050
-0.001115
-0.001183
-0.001253
-0.001325
-0.001401
-0.001479
-0.001560
-0.001644
-0.001731
-0.001820
-0.001913
-0.002008
-0.002107
-0.002209
-0.002313
-0.002421
-0.002532
-0.002647
-0.002764
-0.002885
-0.003009
-0.003137
-0.003268
-0.003402
-0.003540
-0.003681
-0.003826
-0.003974
-0.004125
-0.004281
-0.004440
-0.004602
-0.004768
-0.004938
-0.005111
-0.005289
-0.005469
-0.005654
-0.005842
-0.006034
-0.006230
-0.006429
-0.006633
-0.006840
-0.007051
-0.007265
-0.007484
-0.007706
-0.007932
-0.008162
-0.008396
-0.008634
-0.008875
-0.009120
-0.009369
-0.009622
-0.009878
-0.010139
-0.010403
-0.010671
-0.010942
-0.011218
-0.011497
-0.011780
-0.012066
-0.012356
-0.012650
-0.012947
-0.013248
-0.013553
-0.013861
-0.014173
-0.014488
-0.014806
-0.015128
-0.015453
-0.015782
-0.016114
-0.016449
-0.016788
-0.017130
-0.017474
-0.017822
-0.018173
-0.018527
-0.018884
-0.019244
-0.019607
-0.019972
-0.020341
-0.020712
-0.021085
-0.021461
-0.021840
-0.022221
-0.022605
-0.022990
-0.023379
-0.023769
-0.024161
-0.024555
-0.024952
-0.025350
-0.025750
-0.026152
-0.026555
-0.026960
-0.027367
-0.027775
-0.028184
-0.028594
-0.029006
-0.029418
-0.029832
-0.030246
-0.030661
-0.031077
-0.031493
-0.031910
-0.032328
-0.032745
-0.033163
-0.033580
-0.033998
-0.034416
-0.034833
-0.035250
-0.035666
-0.036082
-0.036497
-0.036911
-0.037324
-0.037736
-0.038147
-0.038557
-0.038965
-0.039372
-0.039777
-0.040180
-0.040581
-0.040980
-0.041377
-0.041772
-0.042164
-0.042553
-0.042940
-0.043324
-0.043705
-0.044082
-0.044456
-0.044827
-0.045195
-0.045558
-0.045918
-0.046274
-0.046625
-0.046972
-0.047315
-0.047653
-0.047986
-0.048315
-0.048638
-0.048956
-0.049269
-0.049576
-0.049877
-0.050173
-0.050463
-0.050746
-0.051023
-0.051294
-0.051558
-0.051815
-0.052065
-0.052308
-0.052544
-0.052772
-0.052993
-0.053206
-0.053411
-0.053608
-0.053796
-0.053976
-0.054148
-0.054310
-0.054464
-0.054608
-0.054743
-0.054869
-0.054985
-0.055091
-0.055188
-0.055274
-0.055350
-0.055415
-0.055469
-0.055513
-0.055546
-0.055567
-0.055578
-0.055576
-0.055563
-0.055538
-0.055501
-0.055452
-0.055390
-0.055316
-0.055229
-0.055130
-0.055017
-0.054890
-0.054751
-0.054598
-0.054431
-0.054250
-0.054055
-0.053846
-0.053622
-0.053384
-0.053131
-0.052863
-0.052580
-0.052282
-0.051968
-0.051639
-0.051294
-0.050933
-0.050556
-0.050162
-0.049753
-0.049326
-0.048883
-0.048423
-0.047946
-0.047452
-0.046941
-0.046412
-0.045865
-0.045300
-0.044718
-0.044117
-0.043499
-0.042861
-0.042206
-0.041531
-0.040838
-0.040125
-0.039394
-0.038643
-0.037873
-0.037083
-0.036274
-0.035444
-0.034595
-0.033726
-0.032836
-0.031927
-0.030996
-0.030045
-0.029074
-0.028081
-0.027068
-0.026033
-0.024978
-0.023901
-0.022802
-0.021682
-0.020540
-0.019377
-0.018192
-0.016984
-0.015755
-0.014503
-0.013230
-0.011933
-0.010615
-0.009274
-0.007910
-0.006523
-0.005114
-0.003682
-0.002226
-0.000748
0.000754
0.002278
0.003826
0.005398
0.006993
0.008611
0.010253
0.011918
0.013608
0.015320
0.017057
0.018818
0.020602
0.022411
0.024243
0.026099
0.027980
0.029885
0.031813
0.033766
0.035743
0.037745
0.039770
0.041820
0.043894
0.045992
0.048115
0.050262
0.052434
0.054629
0.056849
0.059094
0.061363
0.063656
0.065973
0.068315
0.070681
0.073071
0.075485
0.077924
0.080387
0.082874
0.085386
0.087921
0.090480
0.093064
0.095671
0.098303
0.100958
0.103637
0.106340
0.109067
0.111817
0.114591
0.117388
0.120209
0.123053
0.125921
0.128812
0.131726
0.134663
0.137622
0.140605
0.143611
0.146639
0.149690
0.152764
0.155859
0.158977
0.162118
0.165280
0.168464
0.171670
0.174898
0.178147
0.181418
0.184710
0.188023
0.191357
0.194712
0.198088
0.201484
0.204901
0.208338
0.211795
0.215272
0.218769
0.222285
0.225821
0.229376
0.232951
0.236544
0.240156
0.243787
0.247436
0.251103
0.254788
0.258492
0.262212
0.265950
0.269706
0.273478
0.277267
0.281073
0.284895
0.288734
0.292588
0.296458
0.300344
0.304245
0.308161
0.312091
0.316037
0.319996
0.323970
0.327958
0.331959
0.335974
0.340002
0.344042
0.348096
0.352162
0.356239
0.360329
0.364431
0.368543
0.372667
0.376802
0.380947
0.385102
0.389267
0.393442
0.397627
0.401821
0.406023
0.410234
0.414453
0.418681
0.422916
0.427158
0.431408
0.435664
0.439927
0.444196
0.448471
0.452752
0.457038
0.461329
0.465625
0.469925
0.474229
0.478537
0.482849
0.487163
0.491481
0.495800
0.500123
0.504446
0.508772
0.513099
0.517426
0.521754
0.526083
0.530411
0.534739
0.539066
0.543392
0.547716
0.552039
0.556360
0.560678
0.564994
0.569306
0.573615
0.577921
0.582222
0.586519
0.590811
0.595097
0.599379
0.603654
0.607924
0.612187
0.616443
0.620692
0.624933
0.629167
0.633392
0.637609
0.641817
0.646016
0.650205
0.654384
0.658553
0.662711
0.666859
0.670995
0.675119
0.679232
0.683332
0.687420
0.691494
0.695555
0.699603
0.703636
0.707656
0.711660
0.715649
0.719624
0.723582
0.727524
0.731450
0.735359
0.739251
0.743126
0.746983
0.750822
0.754643
0.758445
0.762227
0.765991
0.769735
0.773459
0.777162
0.780845
0.784507
0.788147
0.791766
0.795363
0.798938
0.802490
0.806020
0.809526
0.813008
0.816467
0.819902
0.823312
0.826698
0.830059
0.833394
0.836704
0.839988
0.843246
0.846477
0.849681
0.852859
0.856009
0.859131
0.862226
0.865292
0.868330
0.871340
0.874320
0.877271
0.880192
0.883084
0.885946
0.888777
0.891578
0.894348
0.897087
0.899794
0.902470
0.905115
0.907727
0.910307
0.912854
0.915369
0.917850
0.920299
0.922714
0.925095
0.927443
0.929756
0.932036
0.934280
0.936490
0.938665
0.940805
0.942910
0.944979
0.947012
0.949010
0.950971
0.952897
0.954786
0.956638
0.958453
0.960232
0.961973
0.963677
0.965344
0.966973
0.968565
0.970119
0.971634
0.973112
0.974551
0.975952
0.977314
0.978637
0.979922
0.981168
0.982375
0.983542
0.984670
0.985759
0.986809
0.987819
0.988789
0.989720
0.990610
0.991461
0.992272
0.993043
0.993773
0.994464
0.995114
0.995724
0.996293
0.996822
0.997310
0.997758
0.998166
0.998532
0.998858
0.999144
0.999388
0.999592
0.999755
0.999878
0.999959
1.000000
1.000000
0.999959
0.999878
0.999755
0.999592
0.999388
0.999144
0.998858
0.998532
0.998166
0.997758
0.997310
0.996822
0.996293
0.995724
0.995114
0.994464
0.993773
0.993043
0.992272
0.991461
0.990610
0.989720
0.988789
0.987819
0.986809
0.985759
0.984670
0.983542
0.982375
0.981168
0.979922
0.978637
0.977314
0.975952
0.974551
0.973112
0.971634
0.970119
0.968565
0.966973
0.965344
0.963677
0.961973
0.960232
0.958453
0.956638
0.954786
0.952897
0.950971
0.949010
0.947012
0.944979
0.942910
0.940805
0.938665
0.936490
0.934280
0.932036
0.929756
0.927443
0.925095
0.922714
0.920299
0.917850
0.915369
0.912854
0.910307
0.907727
0.905115
0.902470
0.899794
0.897087
0.894348
0.891578
0.888777
0.885946
0.883084
0.880192
0.877271
0.874320
0.871340
0.868330
0.865292
0.862226
0.859131
0.856009
0.852859
0.849681
0.846477
0.843246
0.839988
0.836704
0.833394
0.830059
0.826698
0.823312
0.819902
0.816467
0.813008
0.809526
0.806020
0.802490
0.798938
0.795363
0.791766
0.788147
0.784507
0.780845
0.777162
0.773459
0.769735
0.765991
0.762227
0.758445
0.754643
0.750822
0.746983
0.743126
0.739251
0.735359
0.731450
0.727524
0.723582
0.719624
0.715649
0.711660
0.707656
0.703636
0.699603
0.695555
0.691494
0.687420
0.683332
0.679232
0.675119
0.670995
0.666859
0.662711
0.658553
0.654384
0.650205
0.646016
0.641817
0.637609
0.633392
0.629167
0.624933
0.620692
0.616443
0.612187
0.607924
0.603654
0.599379
0.595097
0.590811
0.586519
0.582222
0.577921
0.573615
0.569306
0.564994
0.560678
0.556360
0.552039
0.547716
0.543392
0.539066
0.534739
0.530411
0.526083
0.521754
0.517426
0.513099
0.508772
0.504446
0.500123
0.495800
0.491481
0.487163
0.482849
0.478537
0.474229
0.469925
0.465625
0.461329
0.457038
0.452752
0.448471
0.444196
0.439927
0.435664
0.431408
0.427158
0.422916
0.418681
0.414453
0.410234
0.406023
0.401821
0.397627
0.393442
0.389267
0.385102
0.380947
0.376802
0.372667
0.368543
0.364431
0.360329
0.356239
0.352162
0.348096
0.344042
0.340002
0.335974
0.331959
0.327958
0.323970
0.319996
0.316037
0.312091
0.308161
0.304245
0.300344
0.296458
0.292588
0.288734
0.284895
0.281073
0.277267
0.273478
0.269706
0.265950
0.262212
0.258492
0.254788
0.251103
0.247436
0.243787
0.240156
0.236544
0.232951
0.229376
0.225821
0.222285
0.218769
0.215272
0.211795
0.208338
0.204901
0.201484
0.198088
0.194712
0.191357
0.188023
0.184710
0.181418
0.178147
0.174898
0.171670
0.168464
0.165280
0.162118
0.158977
0.155859
0.152764
0.149690
0.146639
0.143611
0.140605
0.137622
0.134663
0.131726
0.128812
0.125921
0.123053
0.120209
0.117388
0.114591
0.111817
0.109067
0.106340
0.103637
0.100958
0.098303
0.095671
0.093064
0.090480
0.087921
0.085386
0.082874
0.080387
0.077924
0.075485
0.073071
0.070681
0.068315
0.065973
0.063656
0.061363
0.059094
0.056849
0.054629
0.052434
0.050262
0.048115
0.045992
0.043894
0.041820
0.039770
0.037745
0.035743
0.033766
0.031813
0.029885
0.027980
0.026099
0.024243
0.022411
0.020602
0.018818
0.017057
0.015320
0.013608
0.011918
0.010253
0.008611
0.006993
0.005398
0.003826
0.002278
0.000754
-0.000748
-0.002226
-0.003682
-0.005114
-0.006523
-0.007910
-0.009274
-0.010615
-0.011933
-0.013230
-0.014503
-0.015755
-0.016984
-0.018192
-0.019377
-0.020540
-0.021682
-0.022802
-0.023901
-0.024978
-0.026033
-0.027068
-0.028081
-0.029074
-0.030045
-0.030996
-0.031927
-0.032836
-0.033726
-0.034595
-0.035444
-0.036274
-0.037083
-0.037873
-0.038643
-0.039394
-0.040125
-0.040838
-0.041531
-0.042206
-0.042861
-0.043499
-0.044117
-0.044718
-0.045300
-0.045865
-0.046412
-0.046941
-0.047452
-0.047946
-0.048423
-0.048883
-0.049326
-0.049753
-0.050162
-0.050556
-0.050933
-0.051294
-0.051639
-0.051968
-0.052282
-0.052580
-0.052863
-0.053131
-0.053384
-0.053622
-0.053846
-0.054055
-0.054250
-0.054431
-0.054598
-0.054751
-0.054890
-0.055017
-0.055130
-0.055229
-0.055316
-0.055390
-0.055452
-0.055501
-0.055538
-0.055563
-0.055576
-0.055578
-0.055567
-0.055546
-0.055513
-0.055469
-0.055415
-0.055350
-0.055274
-0.055188
-0.055091
-0.054985
-0.054869
-0.054743
-0.054608
-0.054464
-0.054310
-0.054148
-0.053976
-0.053796
-0.053608
-0.053411
-0.053206
-0.052993
-0.052772
-0.052544
-0.052308
-0.052065
-0.051815
-0.051558
-0.051294
-0.051023
-0.050746
-0.050463
-0.050173
-0.049877
-0.049576
-0.049269
-0.048956
-0.048638
-0.048315
-0.047986
-0.047653
-0.047315
-0.046972
-0.046625
-0.046274
-0.045918
-0.045558
-0.045195
-0.044827
-0.044456
-0.044082
-0.043705
-0.043324
-0.042940
-0.042553
-0.042164
-0.041772
-0.041377
-0.040980
-0.040581
-0.040180
-0.039777
-0.039372
-0.038965
-0.038557
-0.038147
-0.037736
-0.037324
-0.036911
-0.036497
-0.036082
-0.035666
-0.035250
-0.034833
-0.034416
-0.033998
-0.033580
-0.033163
-0.032745
-0.032328
-0.031910
-0.031493
-0.031077
-0.030661
-0.030246
-0.029832
-0.029418
-0.029006
-0.028594
-0.028184
-0.027775
-0.027367
-0.026960
-0.026555
-0.026152
-0.025750
-0.025350
-0.024952
-0.024555
-0.024161
-0.023769
-0.023379
-0.022990
-0.022605
-0.022221
-0.021840
-0.021461
-0.021085
-0.020712
-0.020341
-0.019972
-0.019607
-0.019244
-0.018884
-0.018527
-0.018173
-0.017822
-0.017474
-0.017130
-0.016788
-0.016449
-0.016114
-0.015782
-0.015453
-0.015128
-0.014806
-0.014488
-0.014173
-0.013861
-0.013553
-0.013248
-0.012947
-0.012650
-0.012356
-0.012066
-0.011780
-0.011497
-0.011218
-0.010942
-0.010671
-0.010403
-0.010139
-0.009878
-0.009622
-0.009369
-0.009120
-0.008875
-0.008634
-0.008396
-0.008162
-0.007932
-0.007706
-0.007484
-0.007265
-0.007051
-0.006840
-0.006633
-0.006429
-0.006230
-0.006034
-0.005842
-0.005654
-0.005469
-0.005289
-0.005111
-0.004938
-0.004768
-0.004602
-0.004440
-0.004281
-0.004125
-0.003974
-0.003826
-0.003681
-0.003540
-0.003402
-0.003268
-0.003137
-0.003009
-0.002885
-0.002764
-0.002647
-0.002532
-0.002421
-0.002313
-0.002209
-0.002107
-0.002008
-0.001913
-0.001820
-0.001731
-0.001644
-0.001560
-0.001479
-0.001401
-0.001325
-0.001253
-0.001183
-0.001115
-0.001050
-0.000988
-0.000928
-0.000871
-0.000816
-0.000763
-0.000713
-0.000664
-0.000619
-0.000575
-0.000533
-0.000493
-0.000456
-0.000420
-0.000386
-0.000355
-0.000324
-0.000296
-0.000270
-0.000245
-0.000221
-0.000199
-0.000179
-0.000160
-0.000142
-0.000126
-0.000111
-0.000098
-0.000085
-0.000074
-0.000063
-0.000054
-0.000046
-0.000038
-0.000032
-0.000026
-0.000021
-0.000017
-0.000013
-0.000010
-0.000007
-0.000005
-0.000004
-0.000002
-0.000001
-0.000001
-0.000000
-0.000000
-0.000000
-0.000000
